30 88 67 06 90 09 65 34 86 76 05 13 13 41 53 90 02 81 69 22
14 60 01 26 82 02 99 23 31 47 54 45 42 21 55 64 32 22 00 63
94 79 55 14 93 20 30 03 48 43 73 44 49 31 10 46 60 91 60 44
94 92 09 08 50 35 29 76 00 26 34 10 16 72 60 02 41 86 20 99
83 41 88 67 87 50 48 89 92 76 01 81 54 88 93 81 80 59 24 03
80 56 21 36 48 34 25 32 16 49 28 45 79 04 01 38 84 50 07 91
00 78 93 33 04 20 76 36 38 54 90 92 62 61 34 12 79 52 55 57
69 01 85 84 71 60 44 28 36 30 86 40 92 92 56 38 87 29 60 73
96 51 81 63 37 38 62 29 01 82 77 41 73 87 86 68 94 00 41 52
33 48 39 23 23 92 26 34 60 33 63 97 84 74 51 91 05 81 15 85
27 91 54 62 42 71 14 73 15 60 50 13 05 14 39 75 63 32 25 20
80 35 94 85 70 68 45 92 66 14 38 87 95 20 09 28 66 03 78 22
79 04 07 37 78 80 29 27 54 51 31 14 70 45 45 63 57 32 02 07
28 36 15 50 93 34 42 83 26 83 43 09 42 98 70 02 14 30 82 48
75 80 45 12 02 93 60 74 64 45 37 86 03 66 73 87 59 77 49 17
24 24 60 21 11 90 66 78 74 70 56 98 07 37 64 52 69 47 28 55
19 92 45 76 11 73 88 15 04 21 41 80 14 26 97 61 78 87 28 58
62 23 52 73 92 37 42 70 60 26 59 04 42 00 91 02 73 28 99 48
20 24 62 84 15 36 76 68 64 37 50 96 71 17 68 53 01 97 71 62
36 22 66 57 37 55 04 55 22 39 04 91 94 86 14 21 46 15 96 40
